    0.63651   -0.770701   -0.029576   0.0363789
   0.770983    0.636849 -0.00277229  -0.0222353
  0.0209721   -0.021038    0.999559    0.169965
          0           0           0           1

   0.726162   -0.687412  -0.0123754  0.00890136
   0.687455    0.726226 -0.00097093  -0.0328987
 0.00965478 -0.00780249    0.999923  -0.0234608
          0           0           0           1

   0.722161   -0.691161  -0.0279334   0.0129646
   0.691719    0.721391    0.033468  -0.0672875
-0.00298082  -0.0434913    0.999049   0.0075407
          0           0           0           1

    0.70246   -0.710825   0.0357387 -0.00429454
    0.71006    0.703365   0.0330363  -0.0256654
 -0.0486204  0.00216994    0.998815     0.13882
          0           0           0           1